# NLO BK equation solver 0.0-dev build  (build Aug 28 2026 14:12:10)
# Initial condition: datafile data_Nr/xb_001.dat, number of points 30000 minr 1e-07 maxr 500

# MC integration method: MonteCarlo Vegas, points=500000. K1 integration accuracy 0.02. LO Kernel RC:  Balitsky. NLO Kernel RC:  smallest dipole. Nc=3, Nf=3. QCD. Amplitude is limited to [0,1].
# Order: NLO
# Resumming double log
# Resumming single log, K_sub=0.65 resum rc: smallest
# Kernel : NLO with double+single log resummation

###1.000000000000000e-05
###1.160836920850890e+00
###101
###0.01
###0.000000000000000e+00
4.308304063322272e-12
5.807312924822282e-12
7.827098124151204e-12
1.054830023473989e-11
1.421412830342449e-11
1.915195896180444e-11
2.580244424610639e-11
3.475862971891575e-11
4.681864058962517e-11
6.305616982706475e-11
8.491585244082308e-11
1.143411306345759e-10
1.539454504258519e-10
2.072438026642585e-10
2.789629743846983e-10
3.754566805945775e-10
5.052669502529440e-10
6.798756750681607e-10
9.147098629444878e-10
1.230500387792695e-09
1.655096913560138e-09
2.225911789377380e-09
2.993174369431880e-09
4.024341190751867e-09
5.409970895504306e-09
7.271596620654783e-09
9.772310729241281e-09
1.313090672432676e-08
1.764086562287183e-08
2.369570842168176e-08
3.182296682680102e-08
4.272967541386367e-08
5.736318103973487e-08
7.699216271900069e-08
1.033155268398645e-07
1.386073300745187e-07
1.859099237884778e-07
2.492927946986142e-07
3.341967832324648e-07
4.478935795459111e-07
6.000960296703710e-07
8.037756681266913e-07
1.076243802141538e-06
1.440598336798269e-06
1.927642259686187e-06
2.578441871876099e-06
3.447713960416619e-06
4.608361079064307e-06
6.157485645567466e-06
8.224375831978983e-06
1.098121766449079e-05
1.465731283492901e-05
1.955807558286450e-05
2.609048986121198e-05
3.479711855379500e-05
4.640180230908168e-05
6.187091210150956e-05
8.249574150212185e-05
1.100031087966203e-04
1.467041020678991e-04
1.956938509110360e-04
2.611189789943606e-04
3.485363128989355e-04
4.653920150397110e-04
6.216599999238680e-04
8.306935556485606e-04
1.110354300064409e-03
1.484508697846254e-03
1.985003048266995e-03
2.654258980590354e-03
3.548666327777240e-03
4.742993391389006e-03
6.336070615802077e-03
8.458053386100364e-03
1.127959202405725e-02
1.502323251233701e-02
1.997730950033584e-02
2.651231671593441e-02
3.509933896436645e-02
4.632906561102628e-02
6.092837522575256e-02
7.976867120750057e-02
1.038563909419222e-01
1.342911928437049e-01
1.721734083878110e-01
2.184428722648281e-01
2.736428886655032e-01
3.376335112895071e-01
4.093253912848384e-01
4.865519279382029e-01
5.661977526032194e-01
6.446232314021193e-01
7.182856691386523e-01
7.843372298592167e-01
8.409866347576622e-01
8.875278024660711e-01
9.241106888703421e-01
9.514575295160257e-01
9.707137313687204e-01
9.833797394239330e-01
9.911331985804982e-01
###4.000000000000000e-01
4.308304063322272e-12
6.387892313959214e-12
8.435087195079655e-12
1.151667359826790e-11
1.537870052336860e-11
2.065073625574455e-11
2.803583306935101e-11
3.783888701115420e-11
5.086982820097654e-11
6.847879286292861e-11
9.191902049522416e-11
1.238798034527178e-10
1.668895161975228e-10
2.250136915747169e-10
3.026229883129373e-10
4.074817120809145e-10
5.484983975602456e-10
7.386460799395203e-10
9.937580923878325e-10
1.337077515627672e-09
1.799538728074849e-09
2.420911942237215e-09
3.256899916170456e-09
4.380070931959960e-09
5.890726258558478e-09
7.922920492593021e-09
1.065372073694438e-08
1.432306835503973e-08
1.924793004031060e-08
2.585923966363170e-08
3.474838998705180e-08
4.669208441585926e-08
6.268545487675952e-08
8.415496826872908e-08
1.130099129534239e-07
1.516559898518437e-07
2.035063462143223e-07
2.730140835047114e-07
3.663029301729085e-07
4.911429824964447e-07
6.583635107753878e-07
8.823082150240475e-07
1.182252403745673e-06
1.583156379997061e-06
2.119283495686805e-06
2.837227124479999e-06
3.797510619093842e-06
5.077952625582974e-06
6.791734498141469e-06
9.079329755054613e-06
1.213728626203692e-05
1.622155994974133e-05
2.166908277091016e-05
2.894462160456880e-05
3.863653369383229e-05
5.160623251137300e-05
6.887048669289718e-05
9.201698075697746e-05
1.228502652505299e-04
1.641152823593398e-04
2.193094474207763e-04
2.931385425370281e-04
3.919513911227348e-04
5.244937904664965e-04
7.019166192256150e-04
9.395571225978080e-04
1.258250560557669e-03
1.685070718537680e-03
2.257643191112913e-03
3.025841746942571e-03
4.053953846730038e-03
5.431393025604751e-03
7.273309333342283e-03
9.736183796883520e-03
1.302191905956720e-02
1.740945626239716e-02
2.324862348797543e-02
3.100944977789152e-02
4.130605837571093e-02
5.493479071238847e-02
7.290702574419439e-02
9.655514860521258e-02
1.275096539678079e-01
1.675982985583402e-01
2.180947134909439e-01
2.783170774556864e-01
3.447741125124262e-01
4.153557825237078e-01
4.893628928468128e-01
5.652241694271848e-01
6.404664811839380e-01
7.123510590127461e-01
7.781231018827133e-01
8.358478943836610e-01
8.839138972455263e-01
9.218986206232195e-01
9.502307980867494e-01
9.700499487733406e-01
9.829636130170180e-01
9.910306254832182e-01
9.980722583493965e-01
###8.000000000000000e-01
4.308304063322272e-12
6.831029458486108e-12
8.945810354819324e-12
1.239403585097356e-11
1.667840414750939e-11
2.233275076074606e-11
3.055669688927433e-11
4.095167022029944e-11
5.530375493683864e-11
7.413500863456843e-11
9.976946217515495e-11
1.343332655454370e-10
1.810464555086845e-10
2.441913419695560e-10
3.286346954283799e-10
4.425111224648508e-10
5.958967836970282e-10
8.031247902193094e-10
1.080584246164332e-09
1.454260861246684e-09
1.958492435018575e-09
2.635445065240261e-09
3.547206619390124e-09
4.772381632056841e-09
6.420616375752123e-09
8.641232016323584e-09
1.162648547557505e-08
1.563848386917538e-08
2.102454670839145e-08
2.825046258325193e-08
3.798402234191589e-08
5.107757578059661e-08
6.858263090263634e-08
9.209861084097332e-08
1.237554590094944e-07
1.661516564018982e-07
2.230664833425243e-07
2.993775157967274e-07
4.020423898300975e-07
5.393040410510777e-07
7.232958073160728e-07
9.699354524907712e-07
1.300717731657529e-06
1.742643031454004e-06
2.333995245087419e-06
3.127645294804507e-06
4.190337342685623e-06
5.606316947998735e-06
7.506284322321238e-06
1.004512994032878e-05
1.344777690817629e-05
1.799166499243614e-05
2.406199928862959e-05
3.218739353178020e-05
4.301211486877469e-05
5.754304356409261e-05
7.687826024033723e-05
1.029203948862459e-04
1.376110388852374e-04
1.841604585321074e-04
2.465478233044696e-04
3.301214053221425e-04
4.422487279398033e-04
5.931237772137002e-04
7.953753120769272e-04
1.066713732129876e-03
1.431286057289412e-03
1.920866782052455e-03
2.579020361083778e-03
3.465198275407967e-03
4.653600101613233e-03
6.251064830007089e-03
8.393336437220202e-03
1.126800339576591e-02
1.511752317337689e-02
2.028576108173499e-02
2.719503007474900e-02
3.643357687169724e-02
4.877225177523153e-02
6.521948603673118e-02
8.703388807317754e-02
1.159136211017919e-01
1.538748519417824e-01
2.028470055739633e-01
2.636158693678307e-01
3.341036019813259e-01
4.092658240395501e-01
4.859911585989409e-01
5.630609581179599e-01
6.387008279390537e-01
7.105760619884904e-01
7.764074537772916e-01
8.341326210430448e-01
8.825875327771004e-01
9.210344653167855e-01
9.498336312581339e-01
9.700475343496264e-01
9.832341510134849e-01
9.911799285113888e-01
9.957136423963293e-01
9.991598414712588e-01
###1.200000000000000e+00
4.308304063322272e-12
7.205462178676266e-12
9.876947862370256e-12
1.344028607219140e-11
1.822423654488789e-11
2.421810279295112e-11
3.315397752603296e-11
4.451865359215938e-11
5.995666047478017e-11
8.051352092801406e-11
1.083831070024383e-10
1.458988372486732e-10
1.967051585197190e-10
2.653256158362094e-10
3.571900365749430e-10
4.811177634794897e-10
6.480159337243628e-10
8.739820562045079e-10
1.176084877365371e-09
1.583224067121333e-09
2.133328112879987e-09
2.871702373382967e-09
3.866789455316008e-09
5.204154991531659e-09
7.005116279787526e-09
9.433220211092740e-09
1.270132883304977e-08
1.709032017303474e-08
2.298645322301998e-08
3.090216161487426e-08
4.156727005982332e-08
5.592770642522272e-08
7.511752339820063e-08
1.009104667084796e-07
1.356906391106798e-07
1.822506887067987e-07
2.447871130074838e-07
3.287136997414327e-07
4.417449665746640e-07
5.930136867555289e-07
7.957715401133686e-07
1.067603539026982e-06
1.433039273384305e-06
1.921043519807952e-06
2.574174695637108e-06
3.453292398547456e-06
4.631348557648132e-06
6.201467034612425e-06
8.311116094883019e-06
1.113431288555472e-05
1.493324731641949e-05
1.999712908601124e-05
2.678013724570374e-05
3.586852721154184e-05
4.799438080761433e-05
6.431244490759199e-05
8.606491087200074e-05
1.154033107338179e-04
1.545413520418638e-04
2.071997462920023e-04
2.779177212923818e-04
3.728577525535765e-04
5.005287099665747e-04
6.728076445150278e-04
9.039150092253778e-04
1.214803282951894e-03
1.633327925954852e-03
2.196852023718147e-03
2.955812184353311e-03
3.981133749594791e-03
5.358862210793439e-03
7.216879727325480e-03
9.713901395222766e-03
1.307654424682958e-02
1.759038082670212e-02
2.367556728724574e-02
3.183473524444854e-02
4.277745236688379e-02
5.743248981679047e-02
7.700695064547430e-02
1.029741772356631e-01
1.372488096095305e-01
1.819859293811743e-01
2.389841323111856e-01
3.082791924111284e-01
3.867389433345065e-01
4.684637596128812e-01
5.497199840516898e-01
6.286895927842721e-01
7.032620127307357e-01
7.712310360909291e-01
8.306658695001141e-01
8.802340867896732e-01
9.196599942378986e-01
9.491256510342247e-01
9.697893609506095e-01
9.832765833840306e-01
9.913938617373477e-01
9.958628391209289e-01
9.981581789621365e-01
9.996683359018427e-01
###1.600000000000000e+00
4.308304063322272e-12
7.849265077705466e-12
1.080842630732244e-11
1.457400517434572e-11
1.965548675739994e-11
2.599963798513569e-11
3.583689473754269e-11
4.841134430265729e-11
6.479053086268747e-11
8.747096946744113e-11
1.177145019331084e-10
1.585940513932144e-10
2.138970404210458e-10
2.883902817150897e-10
3.886075758693428e-10
5.235616122958828e-10
7.053823407425048e-10
9.518912874737226e-10
1.281237026683280e-09
1.725343759028933e-09
2.326188096114363e-09
3.132107773702543e-09
4.219265210693948e-09
5.680388532044286e-09
7.650064556387858e-09
1.030804711556078e-08
1.388730774467998e-08
1.869411072688680e-08
2.515482866669273e-08
3.383149641304981e-08
4.552896101928661e-08
6.128168299968589e-08
8.235663343018738e-08
1.106772677470080e-07
1.489320992138624e-07
2.001263673811198e-07
2.689131298985976e-07
3.613348419463016e-07
4.860539183096927e-07
6.527930735397197e-07
8.765762823502166e-07
1.176712602551562e-06
1.580812308034767e-06
2.120702092390490e-06
2.843617827768378e-06
3.818604396973274e-06
5.126644411956615e-06
6.871065465160243e-06
9.218667528267676e-06
1.236277142523339e-05
1.660323904307565e-05
2.226653524529048e-05
2.986736647320758e-05
4.004834985319126e-05
5.366661975333323e-05
7.202613323939870e-05
9.658902156871037e-05
1.296786620702480e-04
1.739389475864192e-04
2.336733294532080e-04
3.140040258812357e-04
4.220855224467642e-04
5.677972455918038e-04
7.649224943270544e-04
1.029633694933445e-03
1.386628864447950e-03
1.868155335048251e-03
2.517535709663136e-03
3.394580888805407e-03
4.581731003117584e-03
6.181040638116656e-03
8.341980957538984e-03
1.125264213339350e-02
1.517900538741488e-02
2.045944034309536e-02
2.759279116349297e-02
3.716736299801897e-02
5.001260142039603e-02
6.720491510299816e-02
9.011866166334213e-02
1.203931442890564e-01
1.600282738955167e-01
2.111655066414165e-01
2.752539095357817e-01
3.515997234063179e-01
4.361063659681557e-01
5.224157778499957e-01
6.063056421779806e-01
6.855010675418770e-01
7.577021927920462e-01
8.208447129677574e-01
8.735241622278515e-01
9.152144241545694e-01
9.464541682126967e-01
9.683252927645740e-01
9.825716807954967e-01
9.911379100319170e-01
9.958477430233993e-01
9.981944275337977e-01
9.992692713558410e-01
9.998781062618374e-01
###2.000000000000000e+00
4.308304063322272e-12
8.349966862370692e-12
1.179826096541351e-11
1.602972696871776e-11
2.132945143784721e-11
2.830948137630712e-11
3.881744922261369e-11
5.257570517902405e-11
7.043896922943595e-11
9.504459726238579e-11
1.279730359776200e-10
1.724953626635419e-10
2.325888171239575e-10
3.137092510984241e-10
4.230289964866741e-10
5.701173880045374e-10
7.684504054099889e-10
1.037485391769034e-09
1.396858413259350e-09
1.881537581724801e-09
2.537855009775196e-09
3.418822407243630e-09
4.606863967564284e-09
6.205488301005769e-09
8.360564578314992e-09
1.127208041144199e-08
1.519356099453175e-08
2.046441559537252e-08
2.754756992833707e-08
3.706755318357454e-08
4.990720555887351e-08
6.721634573444966e-08
9.037304488452388e-08
1.214974307785985e-07
1.636003757737854e-07
2.199497715712539e-07
2.957236454669855e-07
3.975598826702720e-07
5.352588371655521e-07
7.194024960536322e-07
9.666084174626838e-07
1.298531713361818e-06
1.745924360327374e-06
2.344142306311195e-06
3.145928101548453e-06
4.228540429747829e-06
5.683294555713983e-06
7.623084604186915e-06
1.024028152025287e-05
1.374922554612757e-05
1.850206640181041e-05
2.483604046965513e-05
3.336309207247418e-05
4.479695366623733e-05
6.010784592791462e-05
8.081569277101864e-05
1.085870535894023e-04
1.459925174690443e-04
1.961609134818857e-04
2.639757291041718e-04
3.554390240300941e-04
4.787043842800321e-04
6.451899846480898e-04
8.709984218659014e-04
1.174693931558334e-03
1.584934604592460e-03
2.139317853038977e-03
2.888195831172102e-03
3.901967991195600e-03
5.276260401719621e-03
7.130347162179412e-03
9.640692915626097e-03
1.302328528000735e-02
1.759273839875344e-02
2.373760476643602e-02
3.204154649328206e-02
4.317976672582319e-02
5.809461676634722e-02
7.799425397214618e-02
1.043809875534933e-01
1.390057927936066e-01
1.838250252331174e-01
2.408784143977414e-01
3.110842490172561e-01
3.930442806562886e-01
4.819621701052220e-01
5.710649097395658e-01
6.558293656750539e-01
7.336777614218076e-01
8.023008152043085e-01
8.599782447466368e-01
9.059188654721489e-01
9.403879231423511e-01
9.646850640763902e-01
9.805741763801245e-01
9.901459015141942e-01
9.954219169564634e-01
9.980562859888099e-01
9.992381038354855e-01
9.997196635114862e-01
9.999554324656716e-01
###2.400000000000000e+00
4.308304063322272e-12
8.975436031349492e-12
1.268633170149354e-11
1.741656394295775e-11
2.308417973274233e-11
3.070004215714079e-11
4.213068979442326e-11
5.711974753009127e-11
7.652708961112936e-11
1.034168182716178e-10
1.392845572517815e-10
1.876713111989995e-10
2.531490379803403e-10
3.414454513170315e-10
4.607205329511913e-10
6.211335712204137e-10
8.375746995742604e-10
1.131443097554012e-09
1.523682002806641e-09
2.053038498081392e-09
2.770529179352546e-09
3.734066199093715e-09
5.033411789513151e-09
6.783412753397952e-09
9.143713034823596e-09
1.233611801363733e-08
1.663675604126527e-08
2.241780820714714e-08
3.019136105673673e-08
4.065257473999602e-08
5.475149989684480e-08
7.378617410603567e-08
9.925110023571390e-08
1.334747746331795e-07
1.798897325048388e-07
2.419741856147258e-07
3.254738687201154e-07
4.378070122377587e-07
5.902578904816367e-07
7.935296834603568e-07
1.066940057036927e-06
1.434116243450270e-06
1.930290200306099e-06
2.593968896865035e-06
3.483436953512234e-06
4.687501866331520e-06
6.306846053009321e-06
8.469613192760819e-06
1.139072993502963e-05
1.531331319012458e-05
2.062971076756706e-05
2.773938031378074e-05
3.732378172140277e-05
5.018053490537812e-05
6.742748203446852e-05
9.081829782743827e-05
1.222444323422130e-04
1.646080242388676e-04
2.215495724084680e-04
2.986748407083728e-04
4.029027562614375e-04
5.435712152928500e-04
7.340349180908071e-04
9.927769804527885e-04
1.341247527941680e-03
1.812684194821283e-03
2.450969447287082e-03
3.314179762127397e-03
4.484335866830652e-03
6.072503782922261e-03
8.217453128476777e-03
1.112230671674283e-02
1.503898012959263e-02
2.032757925361778e-02
2.744180725719888e-02
3.702894280852535e-02
4.986200411382364e-02
6.698145093208320e-02
8.970997147207828e-02
1.196382706200317e-01
1.585435379552271e-01
2.082984096359177e-01
2.706829039957598e-01
3.460742004145457e-01
4.324048711025865e-01
5.242704654003090e-01
6.146313966402954e-01
6.987982907962578e-01
7.740745897790784e-01
8.383259159447208e-01
8.902664354747473e-01
9.298193327526973e-01
9.579927908656680e-01
9.766809388617904e-01
9.880817491628956e-01
9.944333232570404e-01
9.976382481801507e-01
9.990899356204909e-01
9.996761338547983e-01
9.998899607265314e-01
9.999825073883859e-01
###2.800000000000000e+00
4.308304063322272e-12
1.004426047604185e-11
1.381398897612462e-11
1.888586895614447e-11
2.503727230912549e-11
3.341621198091799e-11
4.576703071372240e-11
6.198013769584233e-11
8.331174108969369e-11
1.124421627891542e-10
1.516006789940444e-10
2.042899653818641e-10
2.755436885028881e-10
3.718023093771235e-10
5.021053647474936e-10
6.771346790002137e-10
9.135718398153557e-10
1.234713133249889e-09
1.663269497140136e-09
2.241921739330147e-09
3.026725606503107e-09
4.081002675935456e-09
5.503701520902704e-09
7.419687178371176e-09
1.000566229001689e-08
1.350783257976032e-08
1.822716274533986e-08
2.457350502751341e-08
3.310726524934985e-08
4.461116003475925e-08
6.010409541176276e-08
8.104881334263259e-08
1.090749609344436e-07
1.467382941639788e-07
1.979570620074774e-07
2.663997760553899e-07
3.584888454335897e-07
4.826004874854529e-07
6.513412396424455e-07
8.759276565989084e-07
1.178694481641998e-06
1.585532247610734e-06
2.136254489704636e-06
2.873184669684784e-06
3.861263180371940e-06
5.202004528084328e-06
7.007173870101474e-06
9.421310413520148e-06
1.268581522466597e-05
1.707617846775960e-05
2.303060320707024e-05
3.101945570197126e-05
4.180324237535573e-05
5.628058299407368e-05
7.574338185022957e-05
1.021781284746673e-04
1.377764229279559e-04
1.858101421008535e-04
2.505126563231900e-04
3.382947764013871e-04
4.571045180039133e-04
6.177916377154635e-04
8.356486124054596e-04
1.132116852894540e-03
1.531863298738366e-03
2.073514877356664e-03
2.807278767591019e-03
3.800834038371849e-03
5.148385459542379e-03
6.979021800000788e-03
9.451556078207139e-03
1.279893748159026e-02
1.731238672516932e-02
2.339687456465266e-02
3.157411137596866e-02
4.254931374035224e-02
5.719254916418085e-02
7.663174452856794e-02
1.022716913539979e-01
1.357490902183215e-01
1.788165370404599e-01
2.332118149263482e-01
3.003219068295514e-01
3.800308036303384e-01
4.696330996001958e-01
5.631767711252335e-01
6.535294474154175e-01
7.359625990707714e-01
8.078106617264974e-01
8.672526335015792e-01
9.135545497717062e-01
9.472863117821155e-01
9.701569737102680e-01
9.844556020661548e-01
9.926047371909557e-01
9.968115182819134e-01
9.987590013467231e-01
9.995617368755588e-01
9.998557070357385e-01
9.999530549897998e-01
9.999905249001139e-01
###3.200000000000000e+00
4.308304063322272e-12
1.102388029389986e-11
1.516337601940785e-11
2.054092565737204e-11
2.706412973804111e-11
3.641041424528473e-11
4.971223854880490e-11
6.744891085140301e-11
9.070555009500152e-11
1.223513666452434e-10
1.650833304903317e-10
2.225259546439755e-10
3.000848939569731e-10
4.052702618419391e-10
5.475172849822649e-10
7.387705726847098e-10
9.968690419752467e-10
1.348083370264470e-09
1.816553486543905e-09
2.449440651398330e-09
3.308810093193897e-09
4.462873055204665e-09
6.021214430621644e-09
8.120128428840361e-09
1.095534796208811e-08
1.479938314164335e-08
1.998133533536250e-08
2.695167712221643e-08
3.632498185066393e-08
4.897355622162058e-08
6.601680018869555e-08
8.907576374392575e-08
1.199562704283383e-07
1.614456246024259e-07
2.179498313697762e-07
2.935090906072425e-07
3.951769858595490e-07
5.323177251613855e-07
7.191419511597677e-07
9.676537425768322e-07
1.303324960282762e-06
1.754428533342287e-06
2.366195057606266e-06
3.185507489597434e-06
4.284285127605857e-06
5.778829897854403e-06
7.794375730996482e-06
1.048984748548204e-05
1.414312237879111e-05
1.906211465829599e-05
2.574035152493409e-05
3.472873282162543e-05
4.686459015259950e-05
6.319328542791754e-05
8.517725338428548e-05
1.150760264236897e-04
1.553367651170177e-04
2.099412563071702e-04
2.834825845251233e-04
3.834678034597080e-04
5.189193503831686e-04
7.024106155926131e-04
9.514819997665822e-04
1.291010061559208e-03
1.749289328549377e-03
2.370534866917016e-03
3.212914209942767e-03
4.353878986561689e-03
5.902148873557810e-03
8.004821398534173e-03
1.084446196324126e-02
1.468258198005350e-02
1.985487144046078e-02
2.681268590717905e-02
3.613712974229744e-02
4.860011540691147e-02
6.515312885815762e-02
8.700208354214319e-02
1.156025316425213e-01
1.526004795663092e-01
1.996768100145276e-01
2.583486245258892e-01
3.296263305449983e-01
4.128586665516567e-01
5.047542703804095e-01
5.989435794053211e-01
6.883042965051012e-01
7.681600582484316e-01
8.360394939687176e-01
8.905308439210604e-01
9.314873420011611e-01
9.600976790037683e-01
9.785822649224172e-01
9.895032737509797e-01
9.953365670186930e-01
9.981348436726938e-01
9.993284717344566e-01
9.997794385141008e-01
9.999308570785613e-01
9.999773110544216e-01
9.999905249001139e-01
###3.600000000000000e+00
4.308304063322272e-12
1.194688257218362e-11
1.638408167687194e-11
2.237526689638533e-11
2.955075525172082e-11
3.968749495875565e-11
5.410602276404924e-11
7.335580360793812e-11
9.879376744714637e-11
1.332438907155371e-10
1.798787314156028e-10
2.425374006846432e-10
3.270365740637027e-10
4.419186221171312e-10
5.973834833236294e-10
8.062168293475551e-10
1.088389026973446e-09
1.472480965176317e-09
1.984775870752429e-09
2.677477198940152e-09
3.618468836215064e-09
4.882558171450317e-09
6.590087021683959e-09
8.892417422490014e-09
1.200143256814579e-08
1.622173318363011e-08
2.191758480939290e-08
2.957442917101273e-08
3.987597767254783e-08
5.380116925637917e-08
7.255002970170002e-08
9.795843646637522e-08
1.319825090323653e-07
1.777333881555962e-07
2.401061802049658e-07
3.235479528245148e-07
4.358768817601406e-07
5.874409130887106e-07
7.947126706969723e-07
1.069855562353318e-06
1.442171115371899e-06
1.942733066281489e-06
2.623024255673647e-06
3.534563524590082e-06
4.758329359727181e-06
6.426443179378641e-06
8.677715751699244e-06
1.169093204407227e-05
1.578213012170287e-05
2.129923051852309e-05
2.879933196105315e-05
3.891485430100715e-05
5.259247519607956e-05
7.101441788792639e-05
9.585114068601111e-05
1.297028880165676e-04
1.752619055316385e-04
2.373268707235690e-04
3.209347873134019e-04
4.347700986253704e-04
5.891904144630913e-04
7.986701706037213e-04
1.083273463649671e-03
1.471313423815143e-03
1.996006903410033e-03
2.707154233846346e-03
3.672047912972196e-03
4.979164316162681e-03
6.751693235801875e-03
9.157912491162542e-03
1.240461279462460e-02
1.678370926505794e-02
2.267806735382942e-02
3.058159450672063e-02
4.113836292609743e-02
5.518535119485969e-02
7.373518499525172e-02
9.805558790647359e-02
1.296433450874624e-01
1.700995782246673e-01
2.209941316184563e-01
2.835976195931673e-01
3.584977382010812e-01
4.445343829196224e-01
5.378355742363878e-01
6.318642231063003e-01
7.194537425344926e-01
7.961491463825655e-01
8.597759015667172e-01
9.093703844619929e-01
9.453908530660956e-01
9.695710571142343e-01
9.844704746803707e-01
9.928140223075305e-01
9.970056587750239e-01
9.988813078405469e-01
9.996232071041922e-01
9.998825555979604e-01
9.999637702954494e-01
9.999874496697098e-01
9.999905249001139e-01
###4.000000000000000e+00
4.308304063322272e-12
1.305223400795838e-11
1.785698645348832e-11
2.438322088068943e-11
3.220717130900177e-11
4.319122312831755e-11
5.898403534172460e-11
7.991617606835138e-11
1.075599541455896e-10
1.451381109129130e-10
1.959274683365155e-10
2.644371512382518e-10
3.566534331307849e-10
4.821568847212306e-10
6.520936745059630e-10
8.802263017208781e-10
1.188990173910091e-09
1.608939508592671e-09
2.169916112260053e-09
2.927852706970759e-09
3.958984604102301e-09
5.343882220828042e-09
7.216977339032923e-09
9.742814441252578e-09
1.315375276663808e-08
1.778764609718154e-08
2.404822374702968e-08
3.246376197279086e-08
4.379658321724540e-08
5.912061194486408e-08
7.977468995755699e-08
1.077738185139359e-07
1.452728640989776e-07
1.957860052117187e-07
2.646437199301646e-07
3.568587644888330e-07
4.810445352899091e-07
6.488774308992485e-07
8.784624632162495e-07
1.183729528532325e-06
1.596882638656857e-06
2.153017882898011e-06
2.909918241342755e-06
3.924836845510546e-06
5.289615319720185e-06
7.151747415216736e-06
9.668852268523825e-06
1.304042972645321e-05
1.762678809702814e-05
2.382068171611431e-05
3.224917128322965e-05
4.363632421825289e-05
5.905740420947327e-05
7.986384521251648e-05
1.079497097629424e-04
1.462746258736220e-04
1.978517675740771e-04
2.683976947741627e-04
3.634516228158014e-04
4.929903580706470e-04
6.689454877683695e-04
9.077572970073968e-04
1.232576725519591e-03
1.675455136997510e-03
2.275118756710032e-03
3.087686871620633e-03
4.189993096402799e-03
5.682549761168065e-03
7.704705200685147e-03
1.044787329205555e-02
1.414176222112239e-02
1.911258714601492e-02
2.579060864514503e-02
3.471613730863005e-02
4.658708141868169e-02
6.229481982897217e-02
8.292021372798236e-02
1.097752031121479e-01
1.443341545779938e-01
1.881798527546758e-01
2.426804712841678e-01
3.088657561531629e-01
3.868889364565681e-01
4.750767488769364e-01
5.691040419177062e-01
6.622617128030298e-01
7.474919882974241e-01
8.206249147570650e-01
8.798690222554704e-01
9.247509006587905e-01
9.562835206828647e-01
9.766479006875141e-01
9.886440173115965e-01
9.950231627621394e-01
9.980461709590904e-01
9.993136016475881e-01
9.997812064935838e-01
9.999339016275055e-01
9.999792993551071e-01
9.999900062257179e-01
9.999905249001139e-01
###4.399999999999999e+00
4.308304063322272e-12
1.414686153598219e-11
1.949872519336648e-11
2.648456743136750e-11
3.494863822081974e-11
4.703540469055839e-11
6.414965593505778e-11
8.700606513395346e-11
1.171817141294823e-10
1.582640675228744e-10
2.136302442063026e-10
2.884625793811455e-10
3.890753991050712e-10
5.266830700752580e-10
7.121341917188801e-10
9.617579295974845e-10
1.299385827617756e-09
1.758853975444839e-09
2.373534363398796e-09
3.203621209489800e-09
4.333099762356763e-09
5.852778564871355e-09
7.905763142696656e-09
1.067810823210383e-08
1.442539453211074e-08
1.951361427274373e-08
2.639371616146778e-08
3.565464098287633e-08
4.812624655608630e-08
6.499019316097446e-08
8.775566040415257e-08
1.186285124269926e-07
1.599891083623963e-07
2.157796580721566e-07
2.918043085241993e-07
3.938118329284207e-07
5.312874009989898e-07
7.172393012918681e-07
9.714323126419557e-07
1.310585510519732e-06
1.769488969374775e-06
2.388530957731216e-06
3.230507812277815e-06
4.361764395409008e-06
5.887925717758993e-06
7.966229355618622e-06
1.078115920827260e-05
1.455774766814341e-05
1.970251308241948e-05
2.666126319950243e-05
3.613798051851214e-05
4.897009942104097e-05
6.634935498872154e-05
8.986182562107818e-05
1.216192119982784e-04
1.650213205325163e-04
2.234222643065632e-04
3.035555476239040e-04
4.115868564025781e-04
5.588878827399368e-04
7.591813752277649e-04
1.031109589078742e-03
1.401221522886735e-03
1.905952087744977e-03
2.589827238679603e-03
3.515768150820222e-03
4.771414415337778e-03
6.470343979832494e-03
8.769437511151191e-03
1.188239142756069e-02
1.606688077105249e-02
2.168217096667278e-02
2.920747650220604e-02
3.922377137439886e-02
5.248300321494469e-02
6.993219845750223e-02
9.269867643426365e-02
1.221192402611599e-01
1.596386774391796e-01
2.067619801113909e-01
2.646847683915234e-01
3.340915861421228e-01
4.147585140654388e-01
5.045234809933051e-01
5.986838725454841e-01
6.903875833427486e-01
7.728234107763666e-01
8.421590102990242e-01
8.969982163204719e-01
9.374060178834714e-01
9.648904527497346e-01
9.819859537120232e-01
9.916330323251178e-01
9.965160460474868e-01
9.987048357967724e-01
9.995685967818817e-01
9.998679814088784e-01
9.999605200397500e-01
9.999869647261642e-01
9.999900062257179e-01
9.999905249001139e-01
###4.800000000000000e+00
4.308304063322272e-12
1.531096482209274e-11
2.085767691459062e-11
2.870051041025865e-11
3.804516116898510e-11
5.121602574292496e-11
6.995963258538289e-11
9.452656738815702e-11
1.276654945338158e-10
1.726048904428535e-10
2.329918227299011e-10
3.147745865011371e-10
4.246524364190203e-10
5.751747129126624e-10
7.780058277395928e-10
1.050993929087292e-09
1.420324160276647e-09
1.923567202981235e-09
2.596924843520856e-09
3.506441806255762e-09
4.744238417379379e-09
6.410704534240124e-09
8.664673342782364e-09
1.170681224059564e-08
1.582303707317047e-08
2.141531303733973e-08
2.898449498853875e-08
3.917422935240203e-08
5.290804149327354e-08
7.148666517346879e-08
9.658731101734107e-08
1.306441029530481e-07
1.763081418192666e-07
2.379127952802694e-07
3.220013459784518e-07
4.348909930940194e-07
5.871251446682130e-07
7.929020800352589e-07
1.075649271747628e-06
1.451900564682040e-06
1.961870927361027e-06
2.650438005482694e-06
3.589135030367999e-06
4.850701431367934e-06
6.554195725097986e-06
8.879560036568699e-06
1.203191883737542e-05
1.626322276855171e-05
2.203284634332634e-05
2.985834262148935e-05
4.051809659914138e-05
5.498392135111115e-05
7.458041666463023e-05
1.011610125363673e-04
1.370631015037399e-04
1.861877403678553e-04
2.523387481368394e-04
3.433142320778146e-04
4.659206229117254e-04
6.333428401376879e-04
8.610537757942015e-04
1.170386527147908e-03
1.591362203895514e-03
2.165529752468887e-03
2.943065518185796e-03
3.995805001339667e-03
5.421463625774706e-03
7.349298514828304e-03
9.953049811360233e-03
1.347219201264364e-02
1.818934451411110e-02
2.450252432667811e-02
3.293507413533400e-02
4.411150383209925e-02
5.883670609156864e-02
7.809416291425948e-02
1.030580451287547e-01
1.350746595471995e-01
1.755264610720008e-01
2.258203176178349e-01
2.869403452529939e-01
3.592641907159922e-01
4.421236009850539e-01
5.329319793051627e-01
6.266976523835737e-01
7.164866320440364e-01
7.957957495060698e-01
8.611783123618674e-01
9.116902284444738e-01
9.478940154476658e-01
9.717593120320198e-01
9.860675116643957e-01
9.938095050519354e-01
9.975445142764976e-01
9.991323962204897e-01
9.997241327390193e-01
9.999179828586094e-01
9.999752141081799e-01
9.999910288697722e-01
9.999900062257179e-01
9.999905249001139e-01
###5.200000000000000e+00
4.308304063322272e-12
1.681073829963345e-11
2.262347185639472e-11
3.118866991123295e-11
4.139065435951125e-11
5.582882867655610e-11
7.625048350206421e-11
1.031099929516431e-10
1.391811779319789e-10
1.883889591147787e-10
2.542634593085007e-10
3.435617361801438e-10
4.637940762259775e-10
6.281164020996315e-10
8.503348670500550e-10
1.148810346340978e-09
1.553249206356107e-09
2.104251354586965e-09
2.841980394746306e-09
3.839634334445330e-09
5.196838618074180e-09
7.025053100415543e-09
9.499387102477531e-09
1.283886226371785e-08
1.736314885277564e-08
2.351415528447604e-08
3.183802554847365e-08
4.305893285213756e-08
5.819589702576412e-08
7.866233001766916e-08
1.063441616019181e-07
1.439460195913446e-07
1.943714193741653e-07
2.624935077752917e-07
3.555129553357303e-07
4.804533496845417e-07
6.492159932603400e-07
8.775759192505869e-07
1.190927957304980e-06
1.609304601706539e-06
2.176837955728029e-06
2.944045945274653e-06
3.990314451767148e-06
5.398326340149687e-06
7.303273101982991e-06
9.902593447611301e-06
1.343469346121172e-05
1.818183762948432e-05
2.466377072261123e-05
3.345861807263566e-05
4.545420945240510e-05
6.176457622237773e-05
8.385531982536043e-05
1.138906581091856e-04
1.544941467232449e-04
2.100671176379482e-04
2.849751687498428e-04
3.881306737954441e-04
5.272226714944716e-04
7.172234943893495e-04
9.757682650630341e-04
1.327003525304779e-03
1.804988338127782e-03
2.456707600410006e-03
3.338785108183974e-03
4.531773334399638e-03
6.146530211747517e-03
8.326065349679578e-03
1.126369117959435e-02
1.522586923027034e-02
2.052156513709920e-02
2.758654715082343e-02
3.698689793425509e-02
4.939430030816815e-02
6.565100138306161e-02
8.678525821949686e-02
1.139889646079446e-01
1.486216637155130e-01
1.919528962396781e-01
2.453088132530265e-01
3.094154619072111e-01
3.843570262589115e-01
4.689800831059291e-01
5.603795798634152e-01
6.532762024652391e-01
7.407691277434970e-01
8.166918036676230e-01
8.780378165216842e-01
9.243405743929521e-01
9.566447537588572e-01
9.772766076935469e-01
9.892107569636664e-01
9.954068846931715e-01
9.982611601439640e-01
9.994135189302591e-01
9.998206175892388e-01
9.999474987699930e-01
9.999837007944633e-01
9.999910288697722e-01
9.999900062257179e-01
9.999905249001139e-01
###5.600000000000001e+00
4.308304063322272e-12
1.821950366821940e-11
2.455588622110919e-11
3.387802029537534e-11
4.514623605572391e-11
6.087401055453459e-11
8.309514895642918e-11
1.123874701826872e-10
1.517873183930525e-10
2.054629299045731e-10
2.775230186035157e-10
3.751982659307958e-10
5.067293787632798e-10
6.865000693774360e-10
9.296529332783918e-10
1.256219443901304e-09
1.699131579262293e-09
2.302757936745007e-09
3.111205443559722e-09
4.205508615466986e-09
5.694398285709075e-09
7.702421072527785e-09
1.041869920893805e-08
1.408753968749671e-08
1.906158091707025e-08
2.582900504518260e-08
3.498426127711466e-08
4.734274301585026e-08
6.402594572525022e-08
8.657155722733125e-08
1.171541536906616e-07
1.586470549894445e-07
2.143768277515492e-07
2.897332244886235e-07
3.926339878887831e-07
5.310140639196008e-07
7.182264367411531e-07
9.717907675721500e-07
1.319635241227753e-06
1.785348757155439e-06
2.416867188359356e-06
3.272592275647314e-06
4.439321305557031e-06
6.011978494604959e-06
8.142945783896642e-06
1.105133378130105e-05
1.500936186569010e-05
2.033708698491717e-05
2.762229495157934e-05
3.751084656927703e-05
5.101041474350529e-05
6.939984908766837e-05
9.431887621383172e-05
1.282469460132194e-04
1.741343202448691e-04
2.370025314809537e-04
3.217884630891044e-04
4.386430912880002e-04
5.962670198207671e-04
8.116689026001607e-04
1.104727898644116e-03
1.502618501453103e-03
2.044358967261585e-03
2.782405415158317e-03
3.780495145745446e-03
5.128647480085298e-03
6.950950627155687e-03
9.406985344994165e-03
1.270972676966560e-02
1.715200831901424e-02
2.307409158194184e-02
3.094539150223248e-02
4.137665077297960e-02
5.507859806675631e-02
7.293224312818115e-02
9.600515750165020e-02
1.254908570208181e-01
1.627363926412725e-01
2.089064444244383e-01
2.651950825373344e-01
3.320708935725480e-01
4.092932601343064e-01
4.953176926013454e-01
5.868660728578775e-01
6.785005815421179e-01
7.633760973349646e-01
8.357357089012705e-01
8.930268841879537e-01
9.352815848347856e-01
9.639650132463436e-01
9.817265231579742e-01
9.916434964402854e-01
9.965877663991594e-01
9.987639536033646e-01
9.996005214277472e-01
9.998814904919258e-01
9.999654277137321e-01
9.999887179175688e-01
9.999910288697722e-01
9.999900062257179e-01
9.999905249001139e-01
###6.000000000000001e+00
4.308304063322272e-12
1.987181684006113e-11
2.692184163578563e-11
3.683197713129857e-11
4.924148730514145e-11
6.637130831723897e-11
9.060582226920279e-11
1.226326625899671e-10
1.655319467917715e-10
2.242332006208315e-10
3.033689196731890e-10
4.098631535348619e-10
5.538375099416701e-10
7.505666473778670e-10
1.016658435002391e-09
1.374369773281033e-09
1.859561108120948e-09
2.521279972277561e-09
3.407290143983312e-09
4.608150081893698e-09
6.241898041155636e-09
8.447327388424414e-09
1.143012681280520e-08
1.546231553243346e-08
2.093385257646380e-08
2.838036798433385e-08
3.846303286599886e-08
5.208115496495495e-08
7.046426050305854e-08
9.535112511173568e-08
1.291051929473975e-07
1.749603212957514e-07
2.365845823606650e-07
3.199629627462027e-07
4.339481531941634e-07
5.873432237391531e-07
7.950119368424618e-07
1.076515335548144e-06
1.463567337719184e-06
1.981679042014832e-06
2.684972337896012e-06
3.638741745064177e-06
4.941415183432155e-06
6.698543355396732e-06
9.080485829883201e-06
1.234049035208678e-05
1.677771046073147e-05
2.275816268187147e-05
3.095052422804584e-05
4.206951947482478e-05
5.726475002493192e-05
7.798596622953393e-05
1.060936520093056e-04
1.444083243778299e-04
1.962377517678768e-04
2.672824808577372e-04
3.631669657558255e-04
4.954072914375592e-04
6.738435028094072e-04
9.177312539273873e-04
1.249175157817564e-03
1.699342954474092e-03
2.311838401335047e-03
3.145749637843258e-03
4.272242763655988e-03
5.790954710592574e-03
7.841478740927658e-03
1.059887046473683e-02
1.429877848975993e-02
1.926309007266143e-02
2.585638548163513e-02
3.458834531728813e-02
4.610848028046329e-02
6.117066541977605e-02
8.068896197071650e-02
1.057504844284406e-01
1.375505423793046e-01
1.774031356160988e-01
2.263591496803604e-01
2.854392123310185e-01
3.548716492968926e-01
4.340774354584404e-01
5.211356299878174e-01
6.124681619459418e-01
7.024528572720505e-01
7.844475875311508e-01
8.531057160382939e-01
9.063843528012915e-01
9.447587767057050e-01
9.701140748241309e-01
9.853373696881377e-01
9.935385785409216e-01
9.974668418401662e-01
9.991206223247991e-01
9.997265009132875e-01
9.999207547599982e-01
9.999766281398381e-01
9.999910176160466e-01
9.999910288697722e-01
9.999900062257179e-01
9.999905249001139e-01
###6.400000000000001e+00
4.308304063322272e-12
2.158166289473942e-11
2.949853769420320e-11
3.995767800869439e-11
5.364716277621752e-11
7.239890065110439e-11
9.874583387666908e-11
1.337302061896650e-10
1.806862710903308e-10
2.448201241802627e-10
3.312895006990767e-10
4.479297179856040e-10
6.055068592391072e-10
8.208083600062623e-10
1.112178182179546e-09
1.503837643418701e-09
2.035546250916555e-09
2.761067666810902e-09
3.732953023616061e-09
5.049584470500702e-09
6.843246314819492e-09
9.266782895467019e-09
1.254485314856876e-08
1.697969854622678e-08
2.299798414755955e-08
3.119592177650349e-08
4.231006996059246e-08
5.731909179462385e-08
7.759802688760579e-08
1.050761594814077e-07
1.423358837741861e-07
1.930373488637014e-07
2.612303845876649e-07
3.535137560854614e-07
4.798651494736469e-07
6.499812913059786e-07
8.804105427854501e-07
1.193610553055046e-06
1.624269809557575e-06
2.200702327172926e-06
2.984689215153415e-06
4.048405784379563e-06
5.503483818348089e-06
7.468374383424889e-06
1.013150518505983e-05
1.378678349140812e-05
1.876303451278708e-05
2.547703177100336e-05
3.468989994820771e-05
4.719046236124716e-05
6.430070240155907e-05
8.764849540516472e-05
1.193425254097436e-04
1.625802951920275e-04
2.211014015124246e-04
3.013201468569895e-04
4.097136647990273e-04
5.591488337797528e-04
7.608002959251372e-04
1.036465292516465e-03
1.410834710169443e-03
1.919082540742469e-03
2.609977555646633e-03
3.549831713109121e-03
4.817619606395511e-03
6.524356358907206e-03
8.825023058444891e-03
1.191058721336734e-02
1.604121574286227e-02
2.156621720380804e-02
2.887970059206477e-02
3.852886251168887e-02
5.119951695731404e-02
6.768387363172086e-02
8.892353454342737e-02
1.160241409383793e-01
1.501590841826585e-01
1.926078313008938e-01
2.442828597948515e-01
3.060194509759049e-01
3.777841579429240e-01
4.586719386313670e-01
5.464249266299367e-01
6.371633408675742e-01
7.251976577225248e-01
8.040936865034961e-01
8.689628802005985e-01
9.182849597832164e-01
9.529765272470233e-01
9.752829744027497e-01
9.882647542979790e-01
9.950152384303387e-01
9.981222767405769e-01
9.993738684034799e-01
9.998118954204901e-01
9.999462957895521e-01
9.999837378657486e-01
9.999910176160466e-01
9.999910288697722e-01
9.999900062257179e-01
9.999905249001139e-01
###6.800000000000002e+00
4.308304063322272e-12
2.359424437775110e-11
3.221263803918345e-11
4.351783686563029e-11
5.848881243421777e-11
7.899832602605274e-11
1.077851013242329e-10
1.458192073995188e-10
1.970982001114798e-10
2.674180088496397e-10
3.619153714890422e-10
4.894906110063842e-10
6.620844703613263e-10
8.976521246733429e-10
1.217050691750016e-09
1.645949347419065e-09
2.228958741572110e-09
3.024184753290044e-09
4.090547371030115e-09
5.534681826133579e-09
7.506714389898524e-09
1.016797322440017e-08
1.377266749626424e-08
1.865110282510509e-08
2.527086505217166e-08
3.430411158319241e-08
4.655400433754121e-08
6.311016610117740e-08
8.547671586840510e-08
1.158524882469690e-07
1.569966521776890e-07
2.131086344808188e-07
2.885675264815030e-07
3.907603320825090e-07
5.309336144478425e-07
7.197591373668977e-07
9.757752391695731e-07
1.323954820696651e-06
1.803222444242539e-06
2.445248129366893e-06
3.319922943754235e-06
4.506820335895438e-06
6.133155058386352e-06
8.330506194903241e-06
1.131176241566630e-05
1.540799708937917e-05
2.099123659681984e-05
2.853001821762751e-05
3.888680765051132e-05
5.294161756480190e-05
7.220484618584483e-05
9.850399979111649e-05
1.342201601936498e-04
1.829811173583909e-04
2.489974421791086e-04
3.395166052008271e-04
4.618868978262896e-04
6.305057672438740e-04
8.581707835791906e-04
1.169207848583000e-03
1.591212944251089e-03
2.163869568483219e-03
2.941609749122744e-03
3.998439812180566e-03
5.421306234749482e-03
7.333943192438306e-03
9.906834905709750e-03
1.335010702138694e-02
1.794500848972737e-02
2.407328633387686e-02
3.215562965942769e-02
4.277533914839625e-02
5.665838486470298e-02
7.462551194236797e-02
9.764978515082491e-02
1.268278658002158e-01
1.633190090033383e-01
2.083317170120909e-01
2.626512077100889e-01
3.268996597197565e-01
4.007928627983839e-01
4.830803942033342e-01
5.711842315627274e-01
6.609897250597291e-01
7.467930342477780e-01
8.223951219874727e-01
8.834371463939698e-01
9.288858368500913e-01
9.601015687479882e-01
9.796279770685562e-01
9.906425228242527e-01
9.961693500495434e-01
9.986129703107249e-01
9.995552319750841e-01
9.998702374287958e-01
9.999632031350788e-01
9.999883992945976e-01
9.999910176160466e-01
9.999910288697722e-01
9.999900062257179e-01
9.999905249001139e-01
###7.200000000000002e+00
4.308304063322272e-12
2.564959048712213e-11
3.512489226187822e-11
4.735977042190687e-11
6.381383294161525e-11
8.615717492239271e-11
1.176106531049554e-10
1.591530290331608e-10
2.152578530159789e-10
2.921036947386386e-10
3.954640476721788e-10
5.350706729362388e-10
7.238830926603362e-10
9.817941164172179e-10
1.332006294900541e-09
1.802038240148668e-09
2.441355691596807e-09
3.313314525952469e-09
4.484150461889561e-09
6.070197458032512e-09
8.235880834720023e-09
1.116063147572029e-08
1.512758347944269e-08
2.049255651724504e-08
2.778500936947939e-08
3.773661887969408e-08
5.123977466281308e-08
6.950080838742935e-08
9.420827424827186e-08
1.277538497345476e-07
1.732590293303791e-07
2.353453882468187e-07
3.189139452007325e-07
4.321807745442400e-07
5.876474113616945e-07
7.973488227311599e-07
1.081973604039210e-06
1.469479419485943e-06
2.002013686294701e-06
2.718128357068005e-06
3.693895948207142e-06
5.019635202251320e-06
6.837539451718091e-06
9.296531966461604e-06
1.263936483174345e-05
1.722446811009183e-05
2.349044888010855e-05
3.195518642894400e-05
4.359435735208294e-05
5.939888403844833e-05
8.106950503220893e-05
1.106838590727588e-04
1.509057449650081e-04
2.058580452751694e-04
2.802750555417856e-04
3.823442004348913e-04
5.203274897015689e-04
7.102989642670594e-04
9.668082807710298e-04
1.317253995252946e-03
1.792129582031131e-03
2.435988682997976e-03
3.309452626075804e-03
4.494952738001060e-03
6.087749463200756e-03
8.225882924880953e-03
1.109408751013404e-02
1.492359861164755e-02
2.002046077143036e-02
2.679428675519542e-02
3.569489775076545e-02
4.734178581375199e-02
6.249828550758108e-02
8.200631406732686e-02
1.068625177779162e-01
1.381583733810895e-01
1.770220041297597e-01
2.245728555467369e-01
2.814437523806994e-01
3.480550343868903e-01
4.238449444499022e-01
5.072562621787998e-01
5.953916056951017e-01
6.839558057548705e-01
7.672632870423749e-01
8.394332140373150e-01
8.966232244257581e-01
9.383185659563583e-01
9.662691687654661e-01
9.832749087198649e-01
9.925678145080596e-01
9.970669523107392e-01
9.989782080410070e-01
9.996840428471906e-01
9.999100504062585e-01
9.999743599438714e-01
9.999900092999084e-01
9.999910176160466e-01
9.999910288697722e-01
9.999900062257179e-01
9.999905249001139e-01
###7.600000000000002e+00
4.308304063322272e-12
2.806140339191818e-11
3.841922188120928e-11
5.171449944085653e-11
6.965252197645274e-11
9.406455938821127e-11
1.283705479367380e-10
1.739552793148917e-10
2.350873831147686e-10
3.191858026291056e-10
4.323099862919553e-10
5.851667262041232e-10
7.918155356186842e-10
1.074981743234181e-09
1.458147312686068e-09
1.973733031323195e-09
2.674709044023011e-09
3.631769643639078e-09
4.916676218187444e-09
6.658559994606423e-09
9.038851121830360e-09
1.225309997705519e-08
1.661900516182627e-08
2.252748964273145e-08
3.056327527337358e-08
4.152315736516997e-08
5.642428249675244e-08
7.657284844766344e-08
1.038602686271937e-07
1.409481533148523e-07
1.912793932599432e-07
2.600100615294420e-07
3.525873871240926e-07
4.781650697172137e-07
6.507123331999065e-07
8.836825820701732e-07
1.200179431290141e-06
1.631351189327857e-06
2.224240703672336e-06
3.023377561210499e-06
4.111787931875196e-06
5.593890990630715e-06
7.625577609300758e-06
1.037690724649072e-05
1.412800570847979e-05
1.926409996204946e-05
2.629063887215668e-05
3.579445785896427e-05
4.887746413222357e-05
6.663918194592114e-05
9.102161594374820e-05
1.243370557907218e-04
1.696174290612531e-04
2.315061104845644e-04
3.152771571686791e-04
4.302317571845307e-04
5.858449566863223e-04
7.994266267056782e-04
1.087968652238659e-03
1.482061074573594e-03
2.015252526701444e-03
2.737820099819148e-03
3.716507612126137e-03
5.042965333123950e-03
6.821980080169614e-03
9.204557734884707e-03
1.239358328144301e-02
1.664060473057530e-02
2.227544053376379e-02
2.973783706638769e-02
3.950935450713217e-02
5.223706156633489e-02
6.872579818412969e-02
8.983091974910375e-02
1.165737242989332e-01
1.500230401147825e-01
1.912572163771959e-01
2.413015608152128e-01
3.006343224307008e-01
3.694609766055623e-01
4.469202024128477e-01
5.311656249060103e-01
6.190279687098500e-01
7.060670414713075e-01
7.866476129891541e-01
8.552724060471006e-01
9.086295654072052e-01
9.467053567723159e-01
9.716038395210620e-01
9.863331919417995e-01
9.941273061242759e-01
9.977663792815918e-01
9.992511287025716e-01
9.997763049240244e-01
9.999375302972219e-01
9.999818113919220e-01
9.999900092999084e-01
9.999910176160466e-01
9.999910288697722e-01
9.999900062257179e-01
9.999905249001139e-01
###8.000000000000002e+00
4.308304063322272e-12
3.056313633469241e-11
4.190555959682168e-11
5.633724411972159e-11
7.600121487590512e-11
1.026210696500819e-10
1.401221514089832e-10
1.900160617811090e-10
2.567457831578522e-10
3.489001242176807e-10
4.728234173975664e-10
6.400733563981953e-10
8.664232440669516e-10
1.176798378834342e-09
1.596516011792579e-09
2.162066492297061e-09
2.931035058865919e-09
3.981640253478458e-09
5.392424778940942e-09
7.306885447133059e-09
9.922616653353757e-09
1.345949982574480e-08
1.826230542490223e-08
2.477044537928212e-08
3.362525082301584e-08
4.570899916711765e-08
6.215057783980596e-08
8.440750302625717e-08
1.145366389934933e-07
1.555730427047977e-07
2.112610696251286e-07
2.873739648914890e-07
3.899985901562712e-07
5.293569154903919e-07
7.208938986599424e-07
9.797614719057419e-07
1.331950492497888e-06
1.811873742700815e-06
2.472385873078757e-06
3.364292276269772e-06
4.579626721003250e-06
6.237126533727880e-06
8.507319960626697e-06
1.158562127502852e-05
1.579881642694453e-05
2.154929068531022e-05
2.942946782442123e-05
4.010026594058889e-05
5.479186549304411e-05
7.475329401362565e-05
1.021627961296471e-04
1.396193060433397e-04
1.905630717835452e-04
2.601937005536540e-04
3.544109387744958e-04
4.837231767300256e-04
6.589100842210773e-04
8.987653380029237e-04
1.222968988497429e-03
1.664982991696723e-03
2.262870878693737e-03
3.071791192967546e-03
4.165944203390928e-03
5.646302727916106e-03
7.628431164852889e-03
1.027685240073183e-02
1.381286264305753e-02
1.850956443593148e-02
2.472143155581127e-02
3.291777508800735e-02
4.360848736779184e-02
5.747694446640340e-02
7.535235336989632e-02
9.811306501602013e-02
1.267865839314077e-01
1.624161973308632e-01
2.060147864857781e-01
2.585033827241782e-01
3.202102160346870e-01
3.910732027483032e-01
4.699789638899939e-01
5.547883713426413e-01
6.420748760892234e-01
7.273060166193348e-01
8.049685296569329e-01
8.699656736758372e-01
9.195323612060371e-01
9.541317380713361e-01
9.761995247930281e-01
9.888850857141596e-01
9.953829210525122e-01
9.983074292439045e-01
9.994531959930556e-01
9.998416393093246e-01
9.999562928548312e-01
9.999868518185062e-01
9.999900092999084e-01
9.999910176160466e-01
9.999910288697722e-01
9.999900062257179e-01
9.999905249001139e-01
###8.400000000000002e+00
4.308304063322272e-12
3.333979250525149e-11
4.578479026370639e-11
6.137867002775303e-11
8.301410159436191e-11
1.122790028474727e-10
1.529602879293501e-10
2.075432287556502e-10
2.806002283793936e-10
3.813106042963106e-10
5.170935381882282e-10
7.003894154180762e-10
9.484995276085428e-10
1.288057141542393e-09
1.748804010143289e-09
2.369010020334573e-09
3.212804528917417e-09
4.365878745368870e-09
5.916055801543307e-09
8.020741380402106e-09
1.089765349670012e-08
1.478770687440537e-08
2.007595892536547e-08
2.724517710314279e-08
3.700740808775146e-08
5.034942440655136e-08
6.849272786101141e-08
9.307261689707046e-08
1.264104510887435e-07
1.718152872934597e-07
2.334473307770961e-07
3.177674123714534e-07
4.315975219502457e-07
5.862393945853636e-07
7.990010590167719e-07
1.086802205142686e-06
1.478686224136484e-06
2.013459702902155e-06
2.749175702846737e-06
3.744527254183384e-06
5.101923182473090e-06
6.955848633064104e-06
9.493984610015118e-06
1.294086403155680e-05
1.766806687034063e-05
2.410725616909709e-05
3.294317640306200e-05
4.491692683846253e-05
6.142201131650467e-05
8.383992337461156e-05
1.146317077908784e-04
1.567193697554539e-04
2.139830096395013e-04
2.922340935560546e-04
3.981103967268966e-04
5.433437969737251e-04
7.401967466056681e-04
1.009263302161547e-03
1.372826441015592e-03
1.867816410812879e-03
2.536763516562496e-03
3.440755492694980e-03
4.661343485962976e-03
6.309336240380110e-03
8.512319425513471e-03
1.144872960849132e-02
1.536029221307125e-02
2.053873666679261e-02
2.736570864755980e-02
3.634406600583622e-02
4.800845950880824e-02
6.307175669359032e-02
8.239055720599399e-02
1.068601234511829e-01
1.375037665413437e-01
1.753315473203208e-01
2.212899378301169e-01
2.761715008305874e-01
3.401353927669303e-01
4.128652178927051e-01
4.929839331580697e-01
5.780789533359374e-01
6.645156258108857e-01
7.476789783256509e-01
8.222568661196713e-01
8.835670978002879e-01
9.294034459016638e-01
9.606981125065878e-01
9.801512396852270e-01
9.910108120416352e-01
9.963916380131753e-01
9.987252340597512e-01
9.996029108340061e-01
9.998881694937581e-01
9.999692631180206e-01
9.999902114501201e-01
9.999900092999084e-01
9.999910176160466e-01
9.999910288697722e-01
9.999900062257179e-01
9.999905249001139e-01
###8.800000000000002e+00
4.308304063322272e-12
3.643487300957872e-11
4.990270663623139e-11
6.705998509570827e-11
9.076951365795031e-11
1.225322827691461e-10
1.670995079888193e-10
2.266592446682341e-10
3.067714147965558e-10
4.169922538261073e-10
5.656785678629146e-10
7.663740515338560e-10
1.038467157789767e-09
1.410510026067661e-09
1.915836246219524e-09
2.596427893136769e-09
3.522557515461462e-09
4.789619919447024e-09
6.492753640621095e-09
8.805913007716639e-09
1.197263206858735e-08
1.625352641802678e-08
2.207778171862126e-08
2.998043123101480e-08
4.074369432612439e-08
5.547260645568191e-08
7.551191407973452e-08
1.026739068056170e-07
1.395420948087822e-07
1.897946918704850e-07
2.580401879044746e-07
3.515522195982134e-07
4.778584070957878e-07
6.496344745072931e-07
8.859320686637525e-07
1.206054125672103e-06
1.642400524920903e-06
2.238468422476306e-06
3.058802901000657e-06
4.169638618118778e-06
5.685520813598669e-06
7.759408974194001e-06
1.059808846452655e-05
1.445659472059955e-05
1.975599657828249e-05
2.696652123654847e-05
3.687780340239781e-05
5.031135642329200e-05
6.883983185885202e-05
9.399512178666312e-05
1.285596430991673e-04
1.758241119920731e-04
2.401292822458951e-04
3.280038819151521e-04
4.467992935393273e-04
6.096726261597799e-04
8.305271444288920e-04
1.132000696675300e-03
1.539039854564001e-03
2.092326757893112e-03
2.839402566705296e-03
3.847307810482046e-03
5.205916742851058e-03
7.036779133870715e-03
9.479786856364705e-03
1.272581851629085e-02
1.704188034451658e-02
2.273734538537366e-02
3.022179184378047e-02
4.002883072074246e-02
5.271632620987442e-02
6.903167926247893e-02
8.985104104202317e-02
1.160773812562007e-01
1.487328805847336e-01
1.887728329640548e-01
2.370717366195300e-01
2.942782637255085e-01
3.603799154775752e-01
4.347911550030444e-01
5.158897207941968e-01
6.009960620280902e-01
6.863024486091758e-01
7.671851333385196e-01
8.385260482847672e-01
8.961214735015502e-01
9.383213600629770e-01
9.664792836990075e-01
9.835297833219210e-01
9.927701845752873e-01
9.971968557693792e-01
9.990452809935073e-01
9.997128932185645e-01
9.999210259794130e-01
9.999781096452625e-01
9.999902114501201e-01
9.999900092999084e-01
9.999910176160466e-01
9.999910288697722e-01
9.999900062257179e-01
9.999905249001139e-01
###9.200000000000003e+00
4.308304063322272e-12
3.986106775439311e-11
5.444912337204645e-11
7.314063031499836e-11
9.916678644172559e-11
1.337942246628515e-10
1.825621115562990e-10
2.477032939591644e-10
3.354837218248254e-10
4.561229671065433e-10
6.191594638979272e-10
8.389324356865742e-10
1.137638561200975e-09
1.544921783553303e-09
2.099458902223703e-09
2.846432305633955e-09
3.864170412296600e-09
5.255307626293073e-09
7.127585945955336e-09
9.669742190829898e-09
1.315584599281837e-08
1.787078476369821e-08
2.428843932788063e-08
3.299852622734432e-08
4.487965985460755e-08
6.113800382181987e-08
8.327808758325384e-08
1.133142813925287e-07
1.540992472979775e-07
2.097671957870119e-07
2.854064798438044e-07
3.891217767684310e-07
5.292251728321661e-07
7.200447341319918e-07
9.827601714485031e-07
1.338849277948245e-06
1.825051789504098e-06
2.489565475976461e-06
3.404101618512011e-06
4.644361484872477e-06
6.338337687518916e-06
8.656401876381290e-06
1.183183487530123e-05
1.615153545770125e-05
2.209342153913005e-05
3.016869322159277e-05
4.127455129156069e-05
5.634196651947813e-05
7.712453757275316e-05
1.053413193518972e-04
1.441264294062689e-04
1.971617461454679e-04
2.692932726299103e-04
3.678051378431203e-04
5.010224491939453e-04
6.834228069030086e-04
9.307752200588174e-04
1.267951833621490e-03
1.722878279833501e-03
2.340366960162690e-03
3.173142003095082e-03
4.294405159629823e-03
5.803765037690165e-03
7.833507622217661e-03
1.053574689071995e-02
1.411670825534124e-02
1.886730229874406e-02
2.511396761065786e-02
3.329887726968582e-02
4.398124714763475e-02
5.774531413781836e-02
7.536571787297620e-02
9.773754345599543e-02
1.257762744246987e-01
1.604681898597919e-01
2.027345724826054e-01
2.533368368745673e-01
3.128028224942405e-01
3.809054401404490e-01
4.568165309291040e-01
5.386547415763500e-01
6.235113952134568e-01
7.074221517844939e-01
7.858010178233659e-01
8.537917317844931e-01
9.076786098330053e-01
9.463506623772252e-01
9.715544919767655e-01
9.864112011672321e-01
9.942221267617080e-01
9.978376644274728e-01
9.992902232500767e-01
9.997935614153232e-01
9.999442924451725e-01
9.999842254722208e-01
9.999902114501201e-01
9.999900092999084e-01
9.999910176160466e-01
9.999910288697722e-01
9.999900062257179e-01
9.999905249001139e-01
###9.600000000000003e+00
4.308304063322272e-12
4.350118951966335e-11
5.938476134940167e-11
7.992925310914556e-11
1.085838799966520e-10
1.463316548844127e-10
1.994685770948086e-10
2.708489445059996e-10
3.668422598475759e-10
4.990518456337171e-10
6.776239509372099e-10
9.184045651778797e-10
1.246018100739843e-09
1.692465901386738e-09
2.301310738079607e-09
3.121374467544091e-09
4.239465462913848e-09
5.768830241234748e-09
7.826705169360057e-09
1.062393065225872e-08
1.446212316298280e-08
1.965695415071326e-08
2.673141964676896e-08
3.633313685129168e-08
4.945469998545006e-08
6.741093876378469e-08
9.189340628476340e-08
1.251253628945092e-07
1.702605549383583e-07
2.319066526002168e-07
3.157869946046877e-07
4.308843750298782e-07
5.863931505907424e-07
7.984603698846652e-07
1.090638235839498e-06
1.487056222610309e-06
2.028466115962878e-06
2.769284062711923e-06
3.789286808495347e-06
5.175300446735512e-06
7.067467231456681e-06
9.659773211855264e-06
1.321145967866288e-05
1.804480903460154e-05
2.470271581726066e-05
3.374674067933362e-05
4.618483421857243e-05
6.308058034445379e-05
8.637295399572488e-05
1.180046309163913e-04
1.614910253378769e-04
2.209406766361289e-04
3.017233741620698e-04
4.120566398603415e-04
5.612870576312527e-04
7.652878590202845e-04
1.041864138143099e-03
1.418565013359136e-03
1.925955428380708e-03
2.613868750304440e-03
3.540371497985997e-03
4.785810891303768e-03
6.458731217308548e-03
8.703753715020518e-03
1.168642454486303e-02
1.562806835571883e-02
2.084408266109186e-02
2.767993417068115e-02
3.660524916965386e-02
4.821135424515449e-02
6.310698704876257e-02
8.208706500168120e-02
1.060696612430460e-01
1.359561610443955e-01
1.727161458404050e-01
2.172027258754861e-01
2.700800303992156e-01
3.317179912671662e-01
4.016793035139419e-01
4.789033437610782e-01
5.612424696026121e-01
6.455795949277455e-01
7.278512625074514e-01
8.035301351175042e-01
8.680713371519213e-01
9.182757133520757e-01
9.535452381810997e-01
9.759812145053304e-01
9.888518266419817e-01
9.954109919571841e-01
9.983424031766291e-01
9.994754720743343e-01
9.998520926801253e-01
9.999605648465999e-01
9.999884824487988e-01
9.999902114501201e-01
9.999900092999084e-01
9.999910176160466e-01
9.999910288697722e-01
9.999900062257179e-01
9.999905249001139e-01
###1.000000000000000e+01
4.308304063322272e-12
4.740637394243600e-11
6.490427416940297e-11
8.728219248457434e-11
1.184054091876040e-10
1.599824234351141e-10
2.182453428915562e-10
2.960316112903800e-10
4.014427034028929e-10
5.462069972812746e-10
7.417439086887793e-10
1.005735644725513e-09
1.365279056433715e-09
1.855092706396126e-09
2.523525460109620e-09
3.423543064726403e-09
4.652459943252339e-09
6.333886473906232e-09
8.596900410681362e-09
1.167644010956845e-08
1.590520105241570e-08
2.162637729544901e-08
2.942961019184921e-08
4.002444230175940e-08
5.451763480391686e-08
7.434360380749603e-08
1.014249500231000e-07
1.381898260736197e-07
1.881762553804999e-07
2.565011570853860e-07
3.495319917417946e-07
4.772892968818033e-07
6.499829322793715e-07
8.858978788135517e-07
1.210886520561299e-06
1.652083337091893e-06
2.255515657184189e-06
3.081724904159983e-06
4.219594136485007e-06
5.766630039428388e-06
7.881159344751342e-06
1.078018754846462e-05
1.475221648719515e-05
2.016091235735828e-05
2.760588223122730e-05
3.774055558418969e-05
5.167303492978884e-05
7.059898521301706e-05
9.669437292968150e-05
1.321287243054622e-04
1.810084083072726e-04
2.473856967624364e-04
3.377364262781843e-04
4.612081660055995e-04
6.281118355782508e-04
8.560440671007884e-04
1.164746775970962e-03
1.584754479158157e-03
2.149861138267344e-03
2.914927924302938e-03
3.944028942959255e-03
5.324222654088273e-03
7.174976454498728e-03
9.653379213666663e-03
1.293765358513718e-02
1.726660798468770e-02
2.297979008201776e-02
3.044412783346698e-02
4.015461552149929e-02
5.273592844603182e-02
6.881531247548987e-02
8.920630122334459e-02
1.148481818689034e-01
1.466160334782901e-01
1.854725042108662e-01
2.321728490156340e-01
2.872820579446534e-01
3.509957534888392e-01
4.226734861855381e-01
5.009998310413367e-01
5.835894580401059e-01
6.671505768263423e-01
7.475512840521392e-01
8.203693468930910e-01
8.814051190293937e-01
9.279625719606366e-01
9.599699778128102e-01
9.798336474562676e-01
9.909116401461663e-01
9.963813589834541e-01
9.987392236676277e-01
9.996150692998889e-01
9.998945574918991e-01
9.999720460557378e-01
9.999903476454721e-01
9.999902114501201e-01
9.999900092999084e-01
9.999910176160466e-01
9.999910288697722e-01
9.999900062257179e-01
9.999905249001139e-01
